# started on Mon Sep  7 19:31:05 2026

27245326;;cache-references:u;2815899610;100.00;;
815692;;cache-misses:u;2815899610;100.00;2.994;of all cache refs
